	x			y
(1.660703,2.044905)
(2.044905,1.660703)
(5.008321,1.520934)
(7.000000,1.000000)
(6.339297,2.044905)
(1.660703,5.955095)
(2.101837,5.898162)
(2.044905,6.339297)
(5.253001,6.054287)
(7.000000,7.000000)

tg_x[]={1,2,5,7,7,1,2,2,5,7};
tg_y[]={2,1,1,1,2,6,6,7,6,7};

Total Power: 3779.581055

Reference Tag		Reader0		Reader1		Reader2		Reader3	
Group 0
0			124.020370	41.939041	41.939041	24.778957	
1			82.979706	58.614166	38.154331	31.941967	
2			82.979706	38.154331	58.614166	31.941967	
3			67.991150	51.773434	51.773434	41.939041	
--------
Group 1
0			73.275604	93.341339	51.310261	56.426327	
1			59.543144	127.139534	45.411312	59.543144	
2			67.642059	80.997818	59.543144	67.642059	
3			56.426327	93.341339	51.310261	73.275604	
--------
Group 2
0			68.388451	44.854160	89.887459	50.335659	
1			62.352512	53.675106	76.662262	62.352512	
2			53.675106	38.533855	126.099815	53.675106	
3			50.335659	44.854160	89.887459	68.388451	
--------
Group 3
0			34.114994	44.720711	44.720711	62.210403	
1			23.333836	52.097969	30.033442	78.374535	
2			23.333836	30.033442	52.097969	78.374535	
3			15.609019	34.114994	34.114994	122.634079	
--------