Calc value: 26.755125
Reference Tag		Reader0		Reader1		Reader2		Reader3	
Group 0
0			4.568573	0.001245	0.001245	0.000224	
1			0.075406	0.006595	0.000852	0.000458	
2			0.075406	0.000852	0.006595	0.000458	
3			0.016845	0.003328	0.003328	0.001245	
--------
Group 1
0			0.028573	0.212524	0.003177	0.005299	
1			0.007237	6.240854	0.001761	0.007237	
2			0.016267	0.061849	0.007237	0.016267	
3			0.005299	0.212524	0.003177	0.028573	
--------
Group 2
0			0.017527	0.001666	0.150455	0.002882	
1			0.009585	0.004025	0.040091	0.009585	
2			0.004025	0.000885	5.624572	0.004025	
3			0.002882	0.001666	0.150455	0.017527	
--------
Group 3
0			0.000569	0.001644	0.001644	0.009449	
1			0.000194	0.003437	0.000378	0.047578	
2			0.000194	0.000378	0.003437	0.047578	
3			0.000089	0.000569	0.000569	3.977173	
--------
Target Tag	Reader0			Reader1			Reader2			Reader3	
0		0.019488		0.019488		0.000637		0.000637		
1		0.133207		0.002199		0.002199		0.000491		
2		0.011563		0.339561		0.003365		0.011563		
3		0.004171		0.069737		0.004171		0.069737		
4		0.002561		6.240854		0.000973		0.007237		
5		0.002015		0.000846		1.182421		0.008428		
6		0.002882		0.001666		0.150455		0.017527		
7		0.001718		0.001100		0.190705		0.019144		
8		0.000089		0.000569		0.000569		3.977173		
9		0.000030		0.000277		0.000151		26.755125		
