Calc value: 1424.829224
Reference Tag		Reader0		Reader1		Reader2		Reader3	
Group 0
0			124.020372	41.939040	41.939040	24.778957	
1			82.979706	58.614165	38.154330	31.941968	
2			82.979706	38.154330	58.614165	31.941968	
3			67.991147	51.773434	51.773434	41.939040	
--------
Group 1
0			73.275601	93.341341	51.310262	56.426325	
1			59.543146	127.139535	45.411313	59.543146	
2			67.642057	80.997821	59.543146	67.642057	
3			56.426325	93.341341	51.310262	73.275601	
--------
Group 2
0			68.388453	44.854161	89.887461	50.335658	
1			62.352514	53.675108	76.662261	62.352514	
2			53.675108	38.533857	126.099814	53.675108	
3			50.335658	44.854161	89.887461	68.388453	
--------
Group 3
0			34.114992	44.720711	44.720711	62.210402	
1			23.333835	52.097971	30.033442	78.374536	
2			23.333835	30.033442	52.097971	78.374536	
3			15.609019	34.114992	34.114992	122.634077	
--------
Target Tag	Reader0			Reader1			Reader2			Reader3	
0		100.654959		40.453183		49.617220		28.408020		
1		100.654959		49.617220		40.453183		28.408020		
2		65.866353		107.897431		48.399953		58.319499		
3		59.543146		127.139535		45.411313		59.543146		
4		58.319499		107.897431		48.399953		65.866353		
5		60.449972		41.735972		105.483272		52.364057		
6		58.695838		45.470637		94.908190		58.695838		
7		52.364057		41.735972		105.483272		60.449972		
8		24.087307		40.251440		40.251440		84.510983		
9		19.522716		32.512598		42.395383		97.436083		
