Reference Tag(2)	Reader0		Reader1		Reader2		Reader3	
Group 0
0			100.654961	40.453182	49.617218	28.408020	
1			76.289421	55.829582	44.625732	36.868343	
--------
Group 1
0			70.982414	87.831688	55.367279	61.755718	
1			58.319500	107.897430	48.399952	65.866356	
--------
Group 2
0			60.449974	41.735973	105.483269	52.364056	
1			56.045719	49.200962	83.984261	65.931473	
--------
Group 3
0			28.646595	37.012405	49.094990	71.159515	
1			19.522717	42.395382	32.512596	97.436081	
--------
Reference Tag(9)	Reader0		Reader1		Reader2		Reader3	
Group 0
0			124.020370	41.939041	41.939041	24.778957	
1			100.654961	49.617218	40.453182	28.408020	
2			82.979706	58.614166	38.154331	31.941967	
3			100.654961	40.453182	49.617218	28.408020	
4			88.669868	47.629200	47.629200	32.640640	
5			76.289421	55.829582	44.625732	36.868343	
6			82.979706	38.154331	58.614166	31.941967	
7			76.289421	44.625732	55.829582	36.868343	
8			67.991150	51.773434	51.773434	41.939041	
--------
Group 1
0			73.275604	93.341339	51.310261	56.426327	
1			65.866356	107.897430	48.399952	58.319500	
2			59.543144	127.139534	45.411312	59.543144	
3			70.982414	87.831688	55.367279	61.755718	
4			64.229156	98.027351	51.885639	64.229156	
5			58.319500	107.897430	48.399952	65.866356	
6			67.642059	80.997818	59.543144	67.642059	
7			61.755718	87.831688	55.367279	70.982414	
8			56.426327	93.341339	51.310261	73.275604	
--------
Group 2
0			68.388451	44.854160	89.887459	50.335659	
1			65.931473	49.200962	83.984261	56.045719	
2			62.352512	53.675106	76.662262	62.352512	
3			60.449974	41.735973	105.483269	52.364056	
4			58.695839	45.470638	94.908188	58.695839	
5			56.045719	49.200962	83.984261	65.931473	
6			53.675106	38.533855	126.099815	53.675106	
7			52.364056	41.735973	105.483269	60.449974	
8			50.335659	44.854160	89.887459	68.388451	
--------
Group 3
0			34.114994	44.720711	44.720711	62.210403	
1			28.646595	49.094990	37.012405	71.159515	
2			23.333836	52.097969	30.033442	78.374535	
3			28.646595	37.012405	49.094990	71.159515	
4			24.087307	40.251442	40.251442	84.510986	
5			19.522717	42.395382	32.512596	97.436081	
6			23.333836	30.033442	52.097969	78.374535	
7			19.522717	32.512596	42.395382	97.436081	
8			15.609019	34.114994	34.114994	122.634079