124.020372	41.939040	41.939040	24.778957	
82.979706	58.614165	38.154330	31.941968	
82.979706	38.154330	58.614165	31.941968	
67.991147	51.773434	51.773434	41.939040
68.388453	44.854161	89.887461	50.335658	
62.352514	53.675108	76.662261	62.352514	
53.675108	38.533857	126.099814	53.675108	
50.335658	44.854161	89.887461	68.388453
73.275601	93.341341	51.310262	56.426325
67.642057	80.997821	59.543146	67.642057
34.114992	44.720711	44.720711	62.210402
23.333835	30.033442	52.097971	78.374536


